iteration,MAE,R2
11,0.057166990627193444,0.5628536146789996
12,0.05405775930832349,0.5566994151725281
13,0.054392527308484484,0.5495848659974646
14,0.054565628822650904,0.5910358530017136
15,0.05991313125289083,0.5852652554680318
16,0.0540374112574409,0.6948338315469977
17,0.053967029502391815,0.6986411380952101
18,0.05730995927368967,0.6661729669761253
19,0.05688661275691986,0.714836964221869
20,0.05428883934506916,0.7186142647099936
21,0.053036938489350406,0.7168835630720463
22,0.051853710543632504,0.7148229892043637
23,0.049591659446438154,0.7158775215085172
24,0.04742537114273072,0.7191320274512834
25,0.045991390435072096,0.7258510251341654
26,0.044911296602196164,0.7292031763810224
27,0.04316906539857388,0.7323253358694315
28,0.044546479018145596,0.710125367474062
29,0.04600153680713336,0.7152655599975242
30,0.04536566237002958,0.7153796634932419
31,0.04367946459411978,0.7150936361974601
32,0.04343709116733724,0.7198458684639606
33,0.04590486103441715,0.6861281920717033
34,0.043739806459511345,0.7327166118669963
35,0.04494527594465944,0.7153160841639605
36,0.04357616641546456,0.7191761124119882
37,0.04429519435446388,0.7276002952957661
38,0.053752377946027115,0.5820197998287147
39,0.05080954963986754,0.7121395062726159
40,0.05021067220355127,0.7097719705996494
41,0.04854547854798067,0.7134826330228434
42,0.055784238563237075,0.6614552288123686
43,0.050979645108180156,0.7641901956322552
44,0.05082797151011944,0.762820449072504
45,0.05103166754333403,0.757591205385479
46,0.051432590409137335,0.7505337581392533
47,0.05026615933328668,0.7547048020491016
48,0.04973511774231122,0.758526016990094
49,0.04912646693385744,0.76223466268647
