iteration,MAE,R2
11,0.08188141797498066,0.4262735554167928
12,0.0632533214911499,0.7316421830746438
13,0.04995282993819267,0.7618960647365676
14,0.04589763498110955,0.7347292852414897
15,0.044310028980475404,0.7809467535093931
16,0.047056837498170474,0.778596709726521
17,0.04084639582947592,0.8355989380889928
18,0.041118207811792214,0.828850697848311
19,0.03948395750183414,0.8230065485855395
20,0.039777197269922425,0.8317796514419571
21,0.03703376499506533,0.8487511132589745
22,0.03665580563890244,0.8505459463159699
23,0.03903754525534849,0.8085103789290603
24,0.03880807990360545,0.8288649948374247
25,0.038879132339048376,0.8288408977143649
26,0.03739223329945463,0.844071515223721
27,0.036891682176818846,0.8461279080790923
28,0.037829293506414875,0.8512050308355807
29,0.037075578901789,0.8625686222608184
30,0.03596668533773328,0.8638390464352597
31,0.03512917116474894,0.8655042674560138
32,0.034484016710843175,0.8671719103741354
33,0.034453450430766926,0.864944721006214
34,0.03461559045759711,0.8672870382452549
35,0.034169056402058626,0.873018374229438
36,0.034343424620018166,0.8653072134700898
37,0.03459435334367788,0.8680761238667952
38,0.033921188373625566,0.8672976715720677
39,0.033407088126051594,0.8707138555700158
40,0.033431992253296135,0.8731039285506368
41,0.03259960493342401,0.8780282613119161
42,0.03310271192305017,0.878049429422506
43,0.03248278289799454,0.8844557974241388
44,0.03206810800379294,0.8850875588077157
45,0.03178611137697687,0.8847182609018142
46,0.03172034531906811,0.8867937979895041
47,0.03177590842048358,0.8886712635026403
48,0.030925501540709405,0.8949819069079505
49,0.031098382837744538,0.8937707546614019
